0.21078300893766821
0.21175084882052558
0.21272129306680188
0.21369433777491598
0.21466997897404977
0.2156482126240955
0.21662903461560556
0.2176124407697455
0.2185984268382507
0.21958698850338504
0.22057812137790322
0.22157182100501582
0.22256808285835822
0.22356690234196103
0.2245682747902254
0.22557219546790003
0.22657865957006212
0.22758766222210086
0.2285991984797046
0.22961326332885046
0.23062985168579792
0.23164895839708477
0.23267057823952647
0.23369470592021918
0.234721336076545
0.23575046327618127
0.23678208201711243
0.23781618672764554
0.23885277176642872
0.23989183142247256
0.24093335991517567
0.24197735139435206
0.24302379994026324
0.24407269956365218
0.24512404420578138
0.24617782773847413
0.2472340439641585
0.24829268661591503
0.24935374935752763
0.2504172257835375
0.2514831094193005
0.2525513937210481
0.25362207207595067
0.254695137802185
0.2557705841490047
0.25684840429681427
0.2579285913572453
0.2590111383732376
0.2600960383191224
0.26118328410070935
0.2622728685553767
0.2633647844521648
0.264459024491873
0.2655555813071597
0.2666544474626458
0.26775561545502136
0.26885907771315565
0.26996482659821064
0.2710728544037576
0.27218315335589705
0.27329571561338184
0.2744105332677442
0.2755275983434254
0.2766469027979087
0.2777684385218565
0.27889219733924975
0.2800181710075309
0.281146351217751
0.28227672959471883
0.2834092976971545
0.28454404701784536
0.2856809689838058
0.28682005495644036
0.28796129623170985
0.2891046840403008
0.2902502095477987
0.2913978638548634
0.29254763799740924
0.29369952294678714
0.29485350960997114
0.29600958882974676
0.2971677513849045
0.2983279879904345
0.2994902892977265
0.3006546458947713
0.3018210483063667
0.3029894869943261
0.3041599523576902
0.30533243473294236
0.3065069243942272
0.3076834115535716
0.3088618863611101
0.3100423389053124
0.31122475921321485
0.3124091372506548
0.31359546292250773
0.31478372607292854
0.31597391648559503
0.3171660238839549
0.31836003793147594
0.3195559482318995
0.3207537443294965
0.32195341570932723
0.323154951797504
0.3243583419614563
0.3255635755102003
0.32677064169461045
0.327979529707694
0.3291902286848696
0.3304027277042476
0.33161701578691494
0.33283308189722133
0.3340509149430699
0.3352705037762098
0.33649183719253273
0.33771490393237147
0.33893969268080204
0.34016619206794857
0.341394390669291
0.3426242770059762
0.34385583954513094
0.3450890667001791
0.3463239468311605
0.34756046824505377
0.3487986191961008
0.3500383878861351
0.35127976246491255
0.3525227310304447
0.3537672816293354
0.35501340225711975
0.3562610808586059
0.35751030532822
0.3587610635103531
0.36001334319971157
0.36126713214166956
0.3625224180326245
0.3637791885203554
0.3650374312043829
0.3662971336363336
0.36755828332030493
0.3688208677132345
0.37008487422527087
0.3713502902201469
0.3726171030155565
0.373885299883533
0.3751548680508303
0.3764257946993068
0.37769806696631114
0.3789716719450712
0.38024659668508465
0.38152282819251265
0.38280035343057567
0.38407915931995124
0.3853592327391747
0.38664056052504214
0.387923129473015
0.3892069263376279
0.39049193783289793
0.3917781506327369
0.39306555137136506
0.3943541266437274
0.3956438630059123
0.3969347469755721
0.3982267650323455
0.3995199036182829
0.40081414913827285
0.4021094879604713
0.4034059064167326
0.40470339080304235
0.4060019273799527
0.4073015023730191
0.40860210197323954
0.40990371233749495
0.41120631958899256
0.4125099098177101
0.4138144690808425
0.4151199834032502
0.41642643877790936
0.41773382116636354
0.4190421164991778
0.4203513106763936
0.4216613895679863
0.422972339014324
0.42428414482662763
0.42559679278743334
0.4269102686510562
0.42822455814405536
0.42953964696570096
0.4308555207884425
0.43217216525837887
0.4334895659957294
0.4348077085953069
0.4361265786269919
0.4374461616362082
0.4387664431444001
0.44008740864951046
0.4414090436264607
0.44273133352763167
0.4440542637833458
0.4453778198023509
0.44670198697230457
0.44802675066026043
0.449352096213155
0.4506780089582957
0.45200447420385087
0.4533314772393395
0.45465900333612286
0.45598703774789723
0.4573155657111871
0.4586445724458398
0.4599740431555208
0.46130396302821014
0.46263431723669945
0.46396509093909016
0.46529626927929235
0.46662783738752456
0.46795978038081393
0.46929208336349787
0.4706247314277257
0.47195770965396133
0.47329100311148653
0.47462459685890507
0.47595847594464696
0.47729262540747375
0.47862703027698417
0.4799616755741201
0.4812965463116736
0.4826316274947938
0.4839669041214945
0.4853023611831621
0.4866379836650641
0.4879737565468577
0.4893096648030987
0.49064569340375097
0.4919818273146961
0.4933180514982428
0.4946543509136374
0.4959907105175736
0.497327115264703
0.49866355010814556
0.5
0.5013364498918544
0.502672884735297
0.5040092894824264
0.5053456490863626
0.5066819485017572
0.5080181726853039
0.509354306596249
0.5106903351969013
0.5120262434531423
0.5133620163349358
0.5146976388168378
0.5160330958785055
0.5173683725052062
0.5187034536883264
0.5200383244258799
0.5213729697230158
0.5227073745925263
0.5240415240553531
0.525375403141095
0.5267089968885135
0.5280422903460387
0.5293752685722743
0.5307079166365021
0.532040219619186
0.5333721626124754
0.5347037307207076
0.5360349090609099
0.5373656827633005
0.5386960369717899
0.5400259568444792
0.5413554275541602
0.5426844342888129
0.5440129622521028
0.5453409966638771
0.5466685227606605
0.5479955257961491
0.5493219910417043
0.550647903786845
0.5519732493397396
0.5532980130276954
0.5546221801976491
0.5559457362166542
0.5572686664723684
0.5585909563735393
0.5599125913504895
0.5612335568556
0.5625538383637918
0.5638734213730081
0.5651922914046932
0.5665104340042706
0.5678278347416211
0.5691444792115574
0.5704603530342991
0.5717754418559446
0.5730897313489438
0.5744032072125667
0.5757158551733723
0.5770276609856759
0.5783386104320136
0.5796486893236064
0.5809578835008222
0.5822661788336364
0.5835735612220907
0.5848800165967498
0.5861855309191575
0.5874900901822899
0.5887936804110074
0.590096287662505
0.5913978980267605
0.5926984976269809
0.5939980726200473
0.5952966091969577
0.5965940935832674
0.5978905120395287
0.5991858508617272
0.6004800963817172
0.6017732349676544
0.6030652530244279
0.6043561369940876
0.6056458733562726
0.606934448628635
0.6082218493672631
0.6095080621671021
0.6107930736623721
0.612076870526985
0.6133594394749579
0.6146407672608253
0.6159208406800488
0.6171996465694244
0.6184771718074873
0.6197534033149154
0.6210283280549288
0.6223019330336889
0.6235742053006932
0.6248451319491697
0.6261147001164671
0.6273828969844435
0.6286497097798531
0.6299151257747291
0.6311791322867655
0.6324417166796951
0.6337028663636664
0.6349625687956171
0.6362208114796446
0.6374775819673755
0.6387328678583304
0.6399866568002884
0.6412389364896469
0.64248969467178
0.643738919141394
0.6449865977428803
0.6462327183706646
0.6474772689695554
0.6487202375350875
0.6499616121138649
0.6512013808038992
0.6524395317549463
0.6536760531688395
0.6549109332998209
0.656144160454869
0.6573757229940238
0.658605609330709
0.6598338079320514
0.661060307319198
0.6622850960676285
0.6635081628074673
0.6647294962237902
0.6659490850569301
0.6671669181027786
0.6683829842130851
0.6695972722957524
0.6708097713151304
0.672020470292306
0.6732293583053895
0.6744364244897997
0.6756416580385437
0.676845048202496
0.6780465842906728
0.6792462556705035
0.6804440517681005
0.6816399620685241
0.6828339761160451
0.684026083514405
0.6852162739270715
0.6864045370774923
0.6875908627493452
0.6887752407867851
0.6899576610946876
0.6911381136388899
0.6923165884464284
0.6934930756057728
0.6946675652670576
0.6958400476423098
0.6970105130056738
0.6981789516936333
0.6993453541052287
0.7005097107022735
0.7016720120095655
0.7028322486150955
0.7039904111702533
0.7051464903900289
0.7063004770532129
0.7074523620025908
0.7086021361451367
0.7097497904522013
0.7108953159596991
0.7120387037682901
0.7131799450435596
0.7143190310161942
0.7154559529821547
0.7165907023028455
0.7177232704052812
0.718853648782249
0.7199818289924691
0.7211078026607503
0.7222315614781435
0.7233530972020913
0.7244724016565747
0.7255894667322558
0.7267042843866182
0.727816846644103
0.7289271455962424
0.7300351734017894
0.7311409222868444
0.7322443845449786
0.7333455525373542
0.7344444186928403
0.735540975508127
0.7366352155478352
0.7377271314446233
0.7388167158992907
0.7399039616808776
0.7409888616267624
0.7420714086427547
0.7431515957031858
0.7442294158509952
0.745304862197815
0.7463779279240493
0.7474486062789518
0.7485168905806995
0.7495827742164625
0.7506462506424724
0.751707313384085
0.7527659560358415
0.7538221722615259
0.7548759557942186
0.7559273004363478
0.7569762000597368
0.7580226486056479
0.7590666400848243
0.7601081685775275
0.7611472282335713
0.7621838132723544
0.7632179179828875
0.7642495367238187
0.765278663923455
0.7663052940797808
0.7673294217604736
0.7683510416029152
0.7693701483142021
0.7703867366711495
0.7714008015202953
0.7724123377778991
0.7734213404299379
0.7744278045321
0.7754317252097747
0.7764330976580389
0.7774319171416417
0.7784281789949842
0.7794218786220968
0.780413011496615
0.7814015731617493
0.7823875592302545
0.7833709653843944
0.7843517873759045
0.7853300210259502
0.786305662225084
0.7872787069331981
0.7882491511794745
0.7892169910623318