5.255248335389595e-7
5.554264940199616e-7
5.870404436447707e-7
6.204654309227564e-7
6.558059442163255e-7
6.931725479719653e-7
7.326822394349009e-7
7.744588258473684e-7
8.186333247395261e-7
8.653443873130051e-7
9.147387471930557e-7
9.669716961036023e-7
1.0222075877419634e-6
1.0806203704083472e-6
1.1423941536081728e-6
1.207723806573302e-6
1.2768155925324542e-6
1.3498878420614702e-6
1.4271716650138266e-6
1.5089117062494495e-6
1.595366945661425e-6
1.6868115461643463e-6
1.7835357528084295e-6
1.8858468450733135e-6
1.994070146837945e-6
2.1085500963025083e-6
2.229651380303288e-6
2.357760136739717e-6
2.4932852292769425e-6
2.636659598265201e-6
2.7883416932605876e-6
2.9488169917546436e-6
3.1185996088312073e-6
3.2982340046894265e-6
3.488296794196266e-6
3.689398666462118e-6
3.902186419935116e-6
4.127345120008563e-6
4.36560038852285e-6
4.617720830379923e-6
4.884520607872922e-6
5.166862170724595e-6
5.465659152659175e-6
5.781879442001703e-6
6.116548441348346e-6
6.4707525226359586e-6
6.845642695207932e-6
7.242438495203007e-6
7.662432113253459e-6
8.106992773149191e-6
8.577571378620696e-6
9.075705443561954e-6
9.6030243237899e-6
0.000010161254769325279
0.000010752226816013177
0.000011377880039853405
0.000012040270193303115
0.000012741576249974962
0.000013484107882932861
0.000014270313402064971
0.00001510278818056543
0.000015984283600833926
0.000016917716551712036
0.000017906179512583442
0.000018952951260697848
0.000020061508239410664
0.00002123553663202493
0.00002247894518242477
0.000023795878810961568
0.000025190733075663996
0.00002666816953228457
0.000028233132048915976
0.000029890864136683515
0.00003164692735935226
0.00003350722089251468
0.000035478002302025136
0.000037565909622228055
0.00003977798481402672
0.000042121698691666154
0.000044604977412099345
0.00004723623062541371
0.000050024381392788086
0.00005297889798477895
0.000056109827680450586
0.000059427832694303184
0.00006294422836827795
0.00006667102377372336
0.00007062096487781
0.0000748075804388737
0.00007924523080654611
0.00008394915981435602
0.00008893554996203257
0.00009422158110150569
0.00009982549285214581
0.00010576665098632754
0.00011206561804227855
0.00011874422843688448
0.00012582566837299192
0.0001333345608482972
0.00014129705610055332
0.0001497409278413686
0.00015869567565440779
0.00016819263396095074
0.000178265087980356
0.00018894839714139744
0.00020028012643302784
0.0002123001862106566
0.00022505098101394116
0.00023857756798589813
0.00025292782552027715
0.0002681526328112138
0.0002843060610195347
0.00030144557681838213
0.0003196322591332845
0.00033893102994420055
0.0003594109000746304
0.0003811452309569474
0.0004042120134247762
0.0004286941646576281
0.000454679844473449
0.0004822627922484446
0.0005115426858238181
0.0005426255238546451
0.0005756240331479257
0.0006106581026414926
0.0006478552457864217
0.0006873510932085547
0.0007292899176501444
0.0007738251933285811
0.0008211201919812727
0.0008713486180243479
0.0009246952854042867
0.0009813568388969407
0.0010415425227806585
0.0011054750000097369
0.0011733912252070988
0.0012455433750190315
0.0013221998395941403
0.001403646279197257
0.0014901867502183364
0.0015821449051095504
0.0016798652710699469
0.0017837146125950776
0.0018940833833308024
0.002011387273002596
0.002136068855544293
0.0022685993449224062
0.002409480465536906
0.002559246444488017
0.0027184661334218596
0.002887745268110864
0.003067728874382447
0.003259103829488408
0.003462601588497649
0.003679001085802769
0.0039091318223473115
0.004153877149710161
0.004414177762719851
0.004691035412807354
0.0049855168548412765
0.005298758040722051
0.005631968573518886
0.005986436436429765
0.006363533011297773
0.006764718401833403
0.007191547077041172
0.007645673850636192
0.00812886021241116
0.008642981027589536
0.009190031620123995
0.009772135255651349
0.010391551039363678
0.011050682243351595
0.011752085076985719
0.012498477912557981
0.013292750976667211
0.014137976515606998
0.01503741944025494
0.015994548452550716
0.017013047651508628
0.018096828611725235
0.019250042921381383
0.020477095159675773
0.02178265628530207
0.023171677397838708
0.024649403822562088
0.026221389456038913
0.02789351129468287
0.02967198405104088
0.03156337474268983
0.03357461711600929
0.03571302574151852
0.03798630958867644
0.040402584855818546
0.042970386795032234
0.045698680232096334
0.0485968684380238
0.05167479996121993
0.054942772977908394
0.05841153666349608
0.06209228902939268
0.0659966706091078
0.07013675331517827
0.07452502372592079
0.0791743599998716
0.08409800155826636
0.0893095106247837
0.09482272467040137
0.10065169878366059
0.10681063697767718
0.11331381146040709
0.12017546894017939
0.12740972312121213
0.13503043267103593
0.1430510641209874
0.15148453939961137
0.16034306800366033
0.16963796418793597
0.17937945000695854
0.18957644556896164
0.2002363484626749
0.21136480498150073
0.2229654764838035
0.23503980497108296
0.24758678270940382
0.2606027314277104
0.27408109725669905
0.28801226807520897
0.30238342025558973
0.3171784018929028
0.33237765941655506
0.3479582139770716
0.36389369314891684
0.38015442228501983
0.39670757831538905
0.4135174069421166
0.43054550211393217
0.44775114445770603
0.46509169311443144
0.48252302329849645
0.5
0.5174769767015036
0.5349083068855686
0.552248855542294
0.5694544978860678
0.5864825930578834
0.603292421684611
0.6198455777149802
0.6361063068510832
0.6520417860229284
0.6676223405834449
0.6828215981070972
0.6976165797444103
0.711987731924791
0.725918902743301
0.7393972685722896
0.7524132172905962
0.7649601950289171
0.7770345235161965
0.7886351950184993
0.7997636515373251
0.8104235544310383
0.8206205499930415
0.830362035812064
0.8396569319963396
0.8485154606003886
0.8569489358790126
0.8649695673289641
0.8725902768787879
0.8798245310598206
0.8866861885395929
0.8931893630223229
0.8993483012163395
0.9051772753295986
0.9106904893752163
0.9159019984417336
0.9208256400001285
0.9254749762740793
0.9298632466848218
0.9340033293908923
0.9379077109706073
0.9415884633365039
0.9450572270220916
0.9483252000387801
0.9514031315619762
0.9543013197679037
0.9570296132049678
0.9595974151441815
0.9620136904113236
0.9642869742584814
0.9664253828839907
0.9684366252573102
0.9703280159489591
0.9721064887053171
0.9737786105439611
0.9753505961774379
0.9768283226021612
0.9782173437146979
0.9795229048403242
0.9807499570786187
0.9819031713882748
0.9829869523484913
0.9840054515474492
0.9849625805597451
0.985862023484393
0.9867072490233328
0.987501522087442
0.9882479149230143
0.9889493177566484
0.9896084489606363
0.9902278647443487
0.990809968379876
0.9913570189724105
0.9918711397875888
0.9923543261493638
0.9928084529229588
0.9932352815981667
0.9936364669887022
0.9940135635635703
0.9943680314264811
0.994701241959278
0.9950144831451587
0.9953089645871926
0.9955858222372802
0.9958461228502898
0.9960908681776527
0.9963209989141972
0.9965373984115024
0.9967408961705115
0.9969322711256176
0.9971122547318891
0.9972815338665781
0.997440753555512
0.9975905195344631
0.9977314006550776
0.9978639311444557
0.9979886127269975
0.9981059166166693
0.9982162853874049
0.9983201347289301
0.9984178550948904
0.9985098132497816
0.9985963537208027
0.9986778001604059
0.998754456624981
0.9988266087747929
0.9988945249999903
0.9989584574772193
0.999018643161103
0.9990753047145957
0.9991286513819757
0.9991788798080188
0.9992261748066714
0.9992707100823499
0.9993126489067914
0.9993521447542135
0.9993893418973585
0.9994243759668521
0.9994573744761454
0.9994884573141762
0.9995177372077515
0.9995453201555266
0.9995713058353424
0.9995957879865752
0.999618854769043
0.9996405890999254
0.9996610689700558
0.9996803677408668
0.9996985544231816
0.9997156939389804
0.9997318473671888
0.9997470721744797
0.9997614224320142
0.999774949018986
0.9997876998137893
0.999799719873567
0.9998110516028587
0.9998217349120196
0.999831807366039
0.9998413043243456
0.9998502590721586
0.9998587029438994
0.9998666654391517
0.9998741743316271
0.9998812557715631
0.9998879343819578
0.9998942333490137
0.9999001745071479
0.9999057784188985
0.999911064450038
0.9999160508401856
0.9999207547691935
0.9999251924195611
0.9999293790351222
0.9999333289762262
0.9999370557716317
0.9999405721673057
0.9999438901723195
0.9999470211020152
0.9999499756186072
0.9999527637693746
0.9999553950225879
0.9999578783013083
0.999960222015186
0.9999624340903778
0.999964521997698
0.9999664927791074
0.9999683530726406
0.9999701091358633
0.9999717668679511
0.9999733318304678
0.9999748092669243
0.999976204121189
0.9999775210548176
0.999978764463368
0.9999799384917606
0.9999810470487394
0.9999820938204874
0.9999830822834483
0.9999840157163992
0.9999848972118195
0.9999857296865979
0.9999865158921171
0.99998725842375
0.9999879597298067
0.9999886221199601
0.999989247773184
0.9999898387452306
0.9999903969756763
0.9999909242945564
0.9999914224286214
0.9999918930072269
0.9999923375678867
0.9999927575615049
0.9999931543573048
0.9999935292474773
0.9999938834515587
0.999994218120558
0.9999945343408474
0.9999948331378292
0.9999951154793921
0.9999953822791696
0.9999956343996115
0.99999587265488
0.99999609781358
0.9999963106013335
0.9999965117032058
0.9999967017659953
0.9999968814003912
0.9999970511830083
0.9999972116583067
0.9999973633404018
0.9999975067147707
0.9999976422398633
0.9999977703486197
0.9999978914499037
0.9999980059298532
0.9999981141531549
0.9999982164642471
0.9999983131884538
0.9999984046330543
0.9999984910882938
0.9999985728283349
0.9999986501121579
0.9999987231844074
0.9999987922761935
0.9999988576058464
0.9999989193796296
0.9999989777924123
0.999999033028304
0.9999990852612528
0.9999991346556127
0.9999991813666753
0.9999992255411742
0.9999992673177606
0.999999306827452
0.9999993441940558
0.9999993795345691
0.9999994129595564
0.999999444573506
0.9999994744751665