0.005989981531812738
0.006158749826867149
0.006331842434682877
0.006509355867043876
0.006691388335391846
0.006878039766721744
0.007069411819170424
0.007265607897279314
0.00746673316691443
0.007672894569824007
0.00788420083781155
0.008100762506509429
0.008322691928727588
0.008550103287361055
0.00878311260783221
0.009021837770049612
0.009266398519858665
0.009516916479965443
0.009773515160308999
0.010036319967861695
0.010305458215834062
0.010581059132261095
0.010863253867947398
0.011152175503746642
0.011447959057154067
0.011750741488185223
0.01206066170451875
0.012377860565878751
0.012702480887631984
0.013034667443574621
0.013374566967886192
0.013722328156222485
0.014078101665926102
0.01444204011532596
0.014814298082103716
0.015195032100700667
0.01558440065873884
0.015982564192433657
0.01638968508097044
0.01680592763982114
0.017231458112975606
0.017666444664062586
0.018111057366335226
0.018565468191497014
0.01902985099734239
0.019504381514188707
0.01998923733007496
0.020484597874702415
0.020990644402095138
0.02150755997195536
0.022035529429690948
0.022574739385093356
0.023125378189642
0.023687635912414184
0.024261704314578025
0.02484777682244932
0.025446048499089047
0.02605671601442322
0.026679977613866035
0.027316033085425795
0.027965083725276674
0.028627332301778496
0.02930298301792733
0.02999224147222107
0.03069531461792474
0.03141241072072143
0.0321437393147333
0.03288951115690231
0.033649938179716954
0.03442523344227566
0.035215611079674525
0.03602128625071249
0.03684247508390587
0.0376793946218037
0.03853226276359989
0.03940129820603744
0.04028672038259973
0.0411887494009891
0.04210760597888946
0.043043511378015153
0.04399668733644613
0.044967355999253944
0.045955739847421406
0.04696206162506272
0.04798654426495125
0.049029410812362506
0.050090884347244236
0.05117118790472347
0.05227054439396461
0.05338917651539382
0.05452730667630434
0.05568515690486331
0.056862948762535837
0.05806090325495222
0.059279240741236916
0.060518180841826474
0.06177794234480166
0.06305874311076226
0.0643607999762732
0.065684328655915
0.06702954364297065
0.06839665810878354
0.0697858838008249
0.07119743093950692
0.0726315081137836
0.07408832217558037
0.07556807813309685
0.07707097904302768
0.07859722590174961
0.08014701753552239
0.0817205504897568
0.08331801891739915
0.08493961446648979
0.08658552616694876
0.0882559403166488
0.08995104036683255
0.0916710068069374
0.0934160170488888
0.09518624531092673
0.09698186250103202
0.09880303610001828
0.1006499300443599
0.10252270460882518
0.10442151628898699
0.10634651768368375
0.10829785737750591
0.11027567982338288
0.11228012522534753
0.11431132942155797
0.11636942376765308
0.11845453502052622
0.12056678522259523
0.12270629158665325
0.12487316638138318
0.12706751681762068
0.12928944493544992
0.13153904749221967
0.133816415851564
0.13612163587351717
0.13845478780580883
0.1408159461764284
0.14320517968754692
0.14562255111088535
0.1480681171846185
0.1505419285119034
0.1530440294611221
0.15557445806792725
0.1581332459391802
0.16072041815887067
0.1633359931961061
0.16597998281525916
0.16865239198836202
0.1713532188098329
0.1740824544136234
0.17684008289287168
0.17962608122214568
0.1824404191823626
0.18528305928846545
0.18815395671994095
0.19105305925425697
0.19398030720330206
0.19693563335290243
0.19991896290549482
0.20293021342602985
0.2059692947911791
0.20903610914191717
0.21213055083955018
0.21525250642525628
0.21840185458320593
0.221578466107325
0.22478220387176157
0.2280129228051173
0.23127046986849825
0.23455468403744145
0.2378653962877681
0.24120242958541238
0.24456559888027446
0.24795471110413797
0.2513695651726976
0.25480995199173023
0.25827565446744905
0.26176644752106915
0.2652820981076165
0.26882236523900416
0.2723870000113998
0.27597574563690297
0.2795883374795489
0.28322450309565184
0.2868839622784956
0.2905664271073799
0.29427160200102265
0.2979991837753182
0.3017488617054471
0.30552031759232867
0.30931322583340476
0.3131272534977401
0.31696206040541924
0.32081729921121815
0.32469261549252415
0.32858764784147493
0.3325020279612816
0.3364353807667009
0.3403873244886141
0.34435747078266943
0.3483454248419395
0.35235078551354293
0.35637314541917475
0.3604120910794877
0.36446720304226193
0.3685380560142987
0.37262421899696824
0.37672525542534113
0.38084072331082713
0.384970175387243
0.389113159260228
0.3932692175599226
0.397437888096822
0.40161870402071387
0.405811193982608
0.41001488229955935
0.41422928912228735
0.4184539306054889
0.4226883190807408
0.426931963231885
0.431184368272788
0.43544503612736246
0.43971346561173813
0.4439891526184661
0.4482715903026395
0.452560269269811
0.45685467776558575
0.4611543018667681
0.4654586256739371
0.4697671315053258
0.47407930009187726
0.4783946107733499
0.48271254169534245
0.4870325700071097
0.491354172060038
0.49567682360664883
0.5
0.5043231763933512
0.508645827939962
0.5129674299928902
0.5172874583046576
0.5216053892266501
0.5259206999081227
0.5302328684946742
0.534541374326063
0.5388456981332319
0.5431453222344143
0.547439730730189
0.5517284096973605
0.556010847381534
0.5602865343882619
0.5645549638726375
0.568815631727212
0.573068036768115
0.5773116809192592
0.5815460693945111
0.5857707108777126
0.5899851177004407
0.594188806017392
0.5983812959792861
0.602562111903178
0.6067307824400774
0.610886840739772
0.615029824612757
0.6191592766891728
0.6232747445746588
0.6273757810030318
0.6314619439857013
0.635532796957738
0.6395879089205123
0.6436268545808252
0.6476492144864571
0.6516545751580605
0.6556425292173306
0.6596126755113859
0.6635646192332991
0.6674979720387184
0.6714123521585251
0.6753073845074758
0.6791827007887818
0.6830379395945807
0.6868727465022599
0.6906867741665952
0.6944796824076713
0.6982511382945529
0.7020008162246818
0.7057283979989774
0.7094335728926201
0.7131160377215044
0.7167754969043482
0.7204116625204511
0.724024254363097
0.7276129999886002
0.7311776347609958
0.7347179018923835
0.7382335524789309
0.741724345532551
0.7451900480082698
0.7486304348273024
0.752045288895862
0.7554344011197256
0.7587975704145876
0.7621346037122319
0.7654453159625585
0.7687295301315018
0.7719870771948827
0.7752177961282385
0.778421533892675
0.7815981454167941
0.7847474935747437
0.7878694491604499
0.7909638908580828
0.7940307052088209
0.7970697865739702
0.8000810370945052
0.8030643666470976
0.8060196927966979
0.808946940745743
0.811846043280059
0.8147169407115346
0.8175595808176375
0.8203739187778543
0.8231599171071283
0.8259175455863765
0.8286467811901671
0.831347608011638
0.8340200171847408
0.836664006803894
0.8392795818411294
0.8418667540608198
0.8444255419320728
0.8469559705388778
0.8494580714880966
0.8519318828153815
0.8543774488891147
0.8567948203124531
0.8591840538235715
0.8615452121941911
0.8638783641264829
0.866183584148436
0.8684609525077803
0.8707105550645501
0.8729324831823793
0.8751268336186169
0.8772937084133468
0.8794332147774048
0.8815454649794738
0.8836305762323469
0.885688670578442
0.8877198747746524
0.8897243201766172
0.891702142622494
0.8936534823163162
0.895578483711013
0.8974772953911748
0.89935006995564
0.9011969638999817
0.903018137498968
0.9048137546890733
0.9065839829511112
0.9083289931930626
0.9100489596331675
0.9117440596833513
0.9134144738330512
0.9150603855335102
0.9166819810826008
0.9182794495102432
0.9198529824644777
0.9214027740982504
0.9229290209569723
0.9244319218669032
0.9259116778244196
0.9273684918862164
0.9288025690604931
0.930214116199175
0.9316033418912164
0.9329704563570294
0.934315671344085
0.9356392000237268
0.9369412568892377
0.9382220576551983
0.9394818191581735
0.9407207592587631
0.9419390967450478
0.9431370512374642
0.9443148430951367
0.9454726933236957
0.9466108234846062
0.9477294556060354
0.9488288120952766
0.9499091156527557
0.9509705891876374
0.9520134557350488
0.9530379383749372
0.9540442601525786
0.9550326440007461
0.9560033126635539
0.9569564886219848
0.9578923940211106
0.958811250599011
0.9597132796174003
0.9605987017939626
0.9614677372364001
0.9623206053781963
0.9631575249160942
0.9639787137492875
0.9647843889203255
0.9655747665577243
0.966350061820283
0.9671104888430977
0.9678562606852668
0.9685875892792786
0.9693046853820753
0.9700077585277789
0.9706970169820727
0.9713726676982215
0.9720349162747233
0.9726839669145741
0.973320022386134
0.9739432839855768
0.974553951500911
0.9751522231775507
0.9757382956854219
0.9763123640875858
0.976874621810358
0.9774252606149066
0.977964470570309
0.9784924400280446
0.9790093555979049
0.9795154021252976
0.980010762669925
0.9804956184858113
0.9809701490026577
0.9814345318085029
0.9818889426336648
0.9823335553359374
0.9827685418870244
0.9831940723601789
0.9836103149190296
0.9840174358075664
0.9844155993412611
0.9848049678992994
0.9851857019178962
0.985557959884674
0.9859218983340738
0.9862776718437776
0.9866254330321138
0.9869653325564254
0.9872975191123681
0.9876221394341212
0.9879393382954813
0.9882492585118148
0.9885520409428459
0.9888478244962533
0.9891367461320526
0.989418940867739
0.9896945417841659
0.9899636800321383
0.990226484839691
0.9904830835200346
0.9907336014801413
0.9909781622299504
0.9912168873921678
0.991449896712639
0.9916773080712724
0.9918992374934905
0.9921157991621885
0.992327105430176
0.9925332668330855
0.9927343921027207
0.9929305881808296
0.9931219602332783
0.9933086116646082
0.9934906441329561
0.9936681575653171
0.9938412501731329
0.9940100184681873