2.4383673691286134e-8
2.578649815898615e-8
2.7270677493973494e-8
2.8840972554622368e-8
3.05024250857322e-8
3.2260375759651794e-8
3.4120480940647013e-8
3.608873194727025e-8
3.817147553597522e-8
4.0375434551265243e-8
4.270773096282099e-8
4.5175909735295505e-8
4.778796419691034e-8
5.055236274031927e-8
5.347807824351847e-8
5.65746175462678e-8
5.985205409064775e-8
6.332106217143973e-8
6.699295329593014e-8
7.087971409802662e-8
7.499404797162157e-8
7.934941803622308e-8
8.396009321121056e-8
8.88411973432035e-8
9.400876066489872e-8
9.9479775472755e-8
1.0527225391410155e-7
1.1140529093678353e-7
1.1789912934823121e-7
1.2477523042564442e-7
1.3205634852297976e-7
1.3976660900860693e-7
1.479315932528813e-7
1.5657842733496352e-7
1.6573587641177667e-7
1.7543444597034608e-7
1.8570648763205355e-7
1.9658631383867586e-7
2.0811031747891562e-7
2.2031710050773867e-7
2.3324761017073925e-7
2.46945283277622e-7
2.61456200745247e-7
2.7682925041183637e-7
2.931163011754556e-7
3.103723878461473e-7
3.2865590715580595e-7
3.480288270352183e-7
3.685569084366236e-7
3.9030994153366194e-7
4.1336199713137844e-7
4.3779169300872667e-7
4.6368247907935256e-7
4.911229385395899e-7
5.202071102217154e-7
5.510348303205959e-7
5.837120959917286e-7
6.183514531521439e-7
6.550724084841697e-7
6.940018678069926e-7
7.352746034250401e-7
7.790337505642064e-7
8.254313369482347e-7
8.746288459038354e-7
9.267978158256085e-7
9.82120479831039e-7
1.0407904450504546e-6
1.1030134176026607e-6
1.1690079744219872e-6
1.2390063853229272e-6
1.3132554891326365e-6
1.3920176269444084e-6
1.4755716369885263e-6
1.5642139146176959e-6
1.6582595425695956e-6
1.7580434952257917e-6
1.863921922973244e-6
1.9762735220529848e-6
2.0955009938372626e-6
2.2220326030275572e-6
2.356323838770269e-6
2.4988591862951104e-6
2.6501540177914507e-6
2.810756610016618e-6
2.9812502970738564e-6
3.1622557681298957e-6
3.3544335204527265e-6
3.5584864779836245e-6
3.775162787877928e-6
4.005258805395151e-6
4.24962228445791e-6
4.509155783372076e-6
4.784820304581938e-6
5.0776391835594126e-6
5.388702245145982e-6
5.719170245110927e-6
6.070279619629915e-6
6.443347561835289e-6
6.839777451361773e-6
7.261064661479022e-6
7.708802770567402e-6
8.184690208357104e-6
8.690537366740081e-6
9.22827421201422e-6
9.799958432143985e-6
0.000010407784159727207
0.000011054091314133263
0.00001174137560633337
0.000012472299257382247
0.00001324970248289814
0.000014076615800495684
0.00001495627322373183
0.00001589212640523696
0.000016887859806580252
0.000017947406966201118
0.000019074967954668676
0.000020275028104033144
0.000021552378111133752
0.000022912135619501672
0.000024359768395099124
0.000025901119218962876
0.000027542432630422997
0.000029290383666502606
0.0000311521087547062
0.000033135238927173294
0.00003524793554376959
0.00003749892872040306
0.000039897558682222556
0.00004245382027540101
0.00004517841089302088
0.00004808278209311734
0.00005117919520886138
0.00005448078128111877
0.00005800160566604706
0.00006175673770975054
0.00006576232590832509
0.000070035679016478
0.00007459535360349046
0.00007946124860486181
0.00008465470746416015
0.00009019862851827876
0.00009611758433503148
0.00010243795078085371
0.00010918804666859572
0.00011639828491438742
0.0001241013362226484
0.00013233230641185312
0.0001411289286076256
0.00015053177163959486
0.00016058446611838528
0.0001713339498071731
0.00018283073406755168
0.00019512919333458667
0.00020828787977633656
0.0002223698655082762
0.00023744311498202775
0.0002535808904349235
0.00027086219359001573
0.00028937224713476706
0.0003092030198776907
0.00033045379990853663
0.0003532318205484719
0.00037765294440900155
0.0004038424114630734
0.0004319356576926725
0.00046207921162011445
0.0004944316768621393
0.0005291648097895396
0.0005664647024297143
0.0006065330819489678
0.0006495887394042388
0.0006958691019834928
0.0007456319646916287
0.0007991573994131085
0.000856749861522399
0.0009187405167707663
0.0009854898140943535
0.0010573903333199186
0.001134869940559835
0.0012183952884650129
0.0013084757035335959
0.0014056675084579418
0.001510578834172327
0.0016238749839779243
0.001746284421056843
0.0018786054610575031
0.00202171376349225
0.0021765707297513037
0.002344232931956569
0.0025258627161250935
0.0027227401456924594
0.0029362764780381245
0.0031680293980317353
0.003419720269751403
0.0036932537115941244
0.003990739852443692
0.004314519689170737
0.004667194040706646
0.005051656683992767
0.005471132365640952
0.005929220514401423
0.006429945638820989
0.006977815588486425
0.007577889094425583
0.008235854295305267
0.008958120314684404
0.009751924398206102
0.010625457670703609
0.011588013260666774
0.012650161400865556
0.013823957197851178
0.01512318813313318
0.016563670098261873
0.01816360298410058
0.01994399968498939
0.021929206030663617
0.024147533872041327
0.026632035648887387
0.029421456685618796
0.032561411748590396
0.03610584575395237
0.04011885579606994
0.04467697385533187
0.04987203762222764
0.05581481147524048
0.06263956024183404
0.07050982145892432
0.07962565716765241
0.09023266899248644
0.1026329754353083
0.11719806323414034
0.13438270752117903
0.15473758344642335
0.17891504781255424
0.207656870334883
0.24174380321484235
0.281876826688098
0.32845887235446447
0.38127823168459796
0.43918801875126373
0.5
0.5608119812487362
0.618721768315402
0.6715411276455355
0.718123173311902
0.7582561967851577
0.792343129665117
0.8210849521874457
0.8452624165535767
0.865617292478821
0.8828019367658597
0.8973670245646916
0.9097673310075136
0.9203743428323476
0.9294901785410756
0.937360439758166
0.9441851885247595
0.9501279623777723
0.9553230261446681
0.9598811442039301
0.9638941542460476
0.9674385882514096
0.9705785433143812
0.9733679643511126
0.9758524661279586
0.9780707939693364
0.9800560003150106
0.9818363970158994
0.9834363299017381
0.9848768118668668
0.9861760428021489
0.9873498385991344
0.9884119867393333
0.9893745423292963
0.990248075601794
0.9910418796853155
0.9917641457046947
0.9924221109055744
0.9930221844115136
0.993570054361179
0.9940707794855985
0.9945288676343591
0.9949483433160072
0.9953328059592934
0.9956854803108293
0.9960092601475563
0.9963067462884059
0.9965802797302485
0.9968319706019683
0.9970637235219619
0.9972772598543076
0.9974741372838749
0.9976557670680435
0.9978234292702487
0.9979782862365078
0.9981213945389424
0.9982537155789432
0.9983761250160221
0.9984894211658277
0.9985943324915421
0.9986915242964665
0.998781604711535
0.9988651300594402
0.99894260966668
0.9990145101859056
0.9990812594832292
0.9991432501384776
0.999200842600587
0.9992543680353083
0.9993041308980165
0.9993504112605958
0.9993934669180511
0.9994335352975703
0.9994708351902104
0.9995055683231379
0.9995379207883799
0.9995680643423073
0.9995961575885369
0.9996223470555909
0.9996467681794515
0.9996695462000915
0.9996907969801223
0.9997106277528652
0.9997291378064099
0.9997464191095651
0.9997625568850179
0.9997776301344917
0.9997917121202237
0.9998048708066654
0.9998171692659324
0.9998286660501928
0.9998394155338817
0.9998494682283604
0.9998588710713924
0.9998676676935881
0.9998758986637774
0.9998836017150856
0.9998908119533314
0.9998975620492192
0.999903882415665
0.9999098013714818
0.9999153452925358
0.9999205387513952
0.9999254046463966
0.9999299643209836
0.9999342376740916
0.9999382432622903
0.999941998394334
0.9999455192187189
0.9999488208047911
0.9999519172179069
0.999954821589107
0.9999575461797245
0.9999601024413178
0.9999625010712796
0.9999647520644562
0.9999668647610729
0.9999688478912453
0.9999707096163335
0.9999724575673696
0.999974098880781
0.9999756402316049
0.9999770878643806
0.9999784476218889
0.999979724971896
0.9999809250320453
0.9999820525930339
0.9999831121401934
0.9999841078735947
0.9999850437267763
0.9999859233841994
0.999986750297517
0.9999875277007426
0.9999882586243937
0.9999889459086859
0.9999895922158403
0.9999902000415679
0.999990771725788
0.9999913094626333
0.9999918153097916
0.9999922911972294
0.9999927389353385
0.9999931602225487
0.9999935566524382
0.9999939297203804
0.9999942808297548
0.9999946112977549
0.9999949223608164
0.9999952151796954
0.9999954908442166
0.9999957503777155
0.9999959947411946
0.9999962248372121
0.9999964415135221
0.9999966455664795
0.9999968377442319
0.9999970187497029
0.99999718924339
0.9999973498459822
0.9999975011408138
0.9999976436761613
0.999997777967397
0.9999979044990062
0.999998023726478
0.999998136078077
0.9999982419565048
0.9999983417404574
0.9999984357860854
0.999998524428363
0.9999986079823731
0.9999986867445109
0.9999987609936147
0.9999988309920256
0.9999988969865824
0.999998959209555
0.9999990178795202
0.9999990732021842
0.9999991253711541
0.999999174568663
0.9999992209662494
0.9999992647253966
0.9999993059981322
0.9999993449275915
0.9999993816485468
0.999999416287904
0.9999994489651697
0.9999994797928897
0.9999995088770615
0.9999995363175209
0.999999562208307
0.9999995866380029
0.9999996096900585
0.9999996314430916
0.9999996519711729
0.9999996713440928
0.9999996896276122
0.9999997068836988
0.9999997231707496
0.9999997385437993
0.9999997530547167
0.9999997667523899
0.9999997796828994
0.9999997918896826
0.9999998034136861
0.9999998142935124
0.999999824565554
0.9999998342641236
0.9999998434215727
0.9999998520684068
0.999999860233391
0.9999998679436515
0.9999998752247696
0.9999998821008707
0.999999888594709
0.9999998947277461
0.9999999005202245
0.9999999059912393
0.9999999111588027
0.9999999160399068
0.999999920650582
0.999999925005952
0.9999999291202859
0.9999999330070467
0.9999999366789378
0.9999999401479459
0.9999999434253825
0.9999999465219218
0.9999999494476373
0.9999999522120357
0.9999999548240903
0.9999999572922691
0.9999999596245654
0.9999999618285245
0.999999963911268
0.9999999658795191
0.9999999677396243
0.999999969497575
0.9999999711590275
0.9999999727293225
0.9999999742135018
0.9999999756163263